407
83
6
56
44
43
13
21
22
69
56
44
22
6
51
3
83
22
51
56
51
83
43
69
56
83
73
56
6
3
65
65
56
3
21
76
21
56
44
83
83
42
2
65
13
65
65
83
6
76
42
44
3
44
83
22
13
7
3
76
22
44
6
22
43
8
65
6
21
65
22
22
44
42
13
3
69
83
73
69
3
69
83
65
42
13
3
56
43
7
13
22
42
42
42
42
44
13
6
76
69
51
83
65
44
69
3
43
69
6
73
43
7
76
21
83
3
51
44
3
76
3
51
44
21
65
21
51
6
69
51
6
76
76
3
42
21
13
6
76
56
69
69
65
83
13
44
21
43
44
8
56
83
83
51
56
3
21
42
2
6
65
13
44
44
13
22
22
83
51
6
3
8
83
3
51
69
21
51
3
65
56
69
8
76
44
6
51
56
69
69
83
43
21
65
69
21
76
69
3
6
69
6
43
42
51
3
56
13
44
3
8
83
43
65
6
56
69
42
13
22
56
65
69
51
3
43
65
3
69
56
91
83
6
8
3
65
7
21
42
91
8
44
83
3
65
44
56
13
65
44
3
83
44
21
8
83
51
76
51
65
51
21
73
56
69
51
42
3
69
6
13
51
6
21
43
44
56
13
44
21
56
21
3
65
2
65
56
6
83
83
76
6
65
83
65
6
91
51
69
6
21
51
56
42
22
65
56
83
65
73
83
21
22
42
69
65
65
76
69
83
21
56
6
56
3
43
6
83
91
6
76
6
76
65
21
21
83
83
13
7
56
42
13
65
65
3
69
42
43
13
65
91
56
7
65
13
13
21
83
69
7
13
44
3
64
83
65
65
6
51
51
56
43
83
65
3
83
69
13
42
64
21
8
3
56
44
65
6
65
76
22
21
56
3
7
91
69
51
3
56
83
3
44
21
69
43
42