143605784
680831129
35571907
203198487
567970128
236368313
370430078
521081350
961470275
20300559
415164793
585877793
27809928
625220459
984590866
767958187
26248347
532609495
115745334
993248457
104933679
446171370
401220790
76563419
634236295
625165344
322498714
54940109
540082121
217739565
583282812
520971120
637285972
594264404
442832342
956137934
962884884
680665785
49295452
64144254
109471451
291758525
773042512
104249339
558527154
464579660
539999449
224601338
13755696
791721782
164981078
795570621
734416336
754666373
685024435
743083113
868657224
57117137
692722112
881953631
786848729
958333334
669555593
249219210
414916777
606463110
319228579
437472443
567676184
371876838
901000331
928194812
282163985
180500441
563018997
425090021
150972774
847148737
675654946
187417329
655584032
408858760
164834105
363324883
499701463
458223105
845371289
323183055
942584326
476723252
754303535
992917769
132380769
168062905
484223435
187343842
439461163
791501323
516612471
943498310
789751433
495186655
555174346
853973766
998066395
649489272
859168321
400251691
101443085
180335098
576742542
286035788
692474097
902538948
78267380
770585318
252640910
853137861
289668762
2048428
485647230
624724427
25761501
350795488
650752315
698780130
323582636
742752426
896104314
779008672
775724758
992734054
592073597
124669313
863669349
137777411
664586090
883910200
291120114
770475089
928456607
427101705
317336310
372308569
420722186
680169754
90466087
646981555
733975419
457929160
980879814
853753307
349697789
797416961
914503418
140771973
971592997
291225750
706151713
878407922
858920305
420837008
392861736
992587082
159827859
889954439
567226081
298124266
244686031
957837302
710726228
832056511
39420746
772633745
527065881
186976411
358846819
704714139
275504299
844365447
240001287
680004410
104189632
507927323
275476742
513319371
383492248
436921297
946754667
241696062
39338074
779495518
957538764
457727073
886541924
906020356
567088294
642893886
962140837
742421738
923551404
500900206
858727403
103514477
397298465
291005292
57783106
26335612
914255402
161357290
263011648
103477734
289237030
482326573
733672289
816422326
559280387
179839066
617913177
868873090
316978065
68709583
286104682
520089286
43811545
185975162
664172730
918219063
443484532
124228396
566932136
433632790
775256284
364950765
31419937
992256394
187274949
611845973
650228726
408904689
49910899
124173281
904839984
720614712
289090058
50080835
498957415
519979057
719627242
759939007
691840278
288479204
378559488
179673722
631636722
729818857
858479388
124099795
688717115
103257276
640868423
630254263
789007386
556942608
429430299
290729718
747322348
461245224
483424273
587007643
600699038
742091050
950998494
222791741
941730049
214294901
202523332
457341270
251896863
914893813
163924714
438804380
234903182
436480380
650017453
537551441
150008268
260536082
697838588
679508378
145360267
90764624
899980710
679490006
591329549
186425265
737925302
574533363
413842042
695666153
915376066
957231041
427712559
988857658
691592262
309064521
669978138
991925706
214722039
333737508
733231372
519685112
855135766
290509260
98953741
609172913
538759370
327527925
470848950
852981702
80407665
815163875
108176257
732592961
517117689
679343034
159083811
951710391
441482033
734880218
993941983
769593254
334982180
18812464
538676698
334389698
901321833
123732364
608102771
16470092
399760252
531121400
239257239
741760362
978445584
944683275
24732695
325075324
7748200
623677249
446010619
803452014
413594026
716251470
206794717
769483025
10797877
592776309
566344247
704649839
836396789
179177690
672807356
312656159
482983356
290270430
896554417
852761244
432039058
963091564
163511354
473113243
387267600
790233687
288492983
544082525
607928241
253178278
308536339
991595018
242169129
55629042
816234017
630465535
660360634
456845239
293067498
497731115
788428682
604975015
442740484
185984348
441188088
870388742
524512236
176706717
655675890
179012346
686530901
173601926
24484679
345660641
299166851
435929233
29095937
407370665
288346010
111836788
373213368
956735009
468883194
571694959
316096231
475235156
877815440
741429674
5892674
666574809
107735340
435855747
812973068
790013228
640124376
692010215
663263338
993698560
178686251
102485671
371578300
648001176
982680225
148763595
974954990
678847002
200254446
534547693
65986001
901050853
201779285
519097223
126152815
351649765
913180666
250560333
859159135
623236332
149273406
99307393
524264220
197292035
947094540
991264330
269616219
777520577
899236663
741245959
465585502
623181217
487181254
386289316
38097994
882422105
414632018
518986993
801968512
925613610
940848215
620820474
794234091
678681658
213977991
395493460
607487324
956441065
604391719
102265212
723209693
795928866
38015322
889283878
845104902
789737655
329663617
126919827
232432209
419348913
516373641
0