29
487392527
798546811
257642
746059304
938000625
621634
560093328
945698303
884930
461309524
539824920
922532
167892968
252195400
109439
440448634
572204770
320652
153976522
874853028
931171
35140175
683476632
815996
428066212
903948964
350125
190393519
928631137
408560
417810296
911834951
366301
252677653
961199295
98347
326159245
695560516
979700
7279726
995893960
885357
671039095
737199626
190320
192437354
294477514
769589
542727624
946474501
998163
808150537
856949956
751043
112144511
152465462
403228
683311288
854419276
829719
289011979
445450287
405515
331243570
773561508
5617
356114051
542644952
5024
127700618
238623421
278737
353771679
403728506
201756
576558826
745728616
649081
28700948
281984862
995711
345049787
627645503
116645
140753601
417562280
386886
42
544096304
773451279
681432797
930077896
570312501
375284759
173698376
183145944
343442277
649957746
486951610
960905350
233856004
856729498
102673979
300393152
167479608
143748163
724569188
794201941
959127903
881384113
611896495
923813199
645837927
995563272
912804050
392930630
820202271
301100456
997662221
460813493
963702418
835032702
792396936
275609936
780042071
189952602
111823009
207690330
528480490
847341638